0
1.30306e-32
0.5
1.71981e-32
1
2.26859e-32
1.5
2.99083e-32
2
3.9408e-32
2.5
5.18962e-32
3
6.8304e-32
3.5
8.98494e-32
4
1.18125e-31
4.5
1.55213e-31
5
2.03833e-31
5.5
2.67534e-31
6
3.50947e-31
6.5
4.60111e-31
7
6.02897e-31
7.5
7.89554e-31
8
1.03343e-30
8.5
1.35187e-30
9
1.76746e-30
9.5
2.30953e-30
10
3.01618e-30
10.5
3.93684e-30
11
5.13568e-30
11.5
6.69587e-30
12
8.72518e-30
12.5
1.13632e-29
13
1.47906e-29
13.5
1.92411e-29
14
2.50168e-29
14.5
3.25081e-29
15
4.22194e-29
15.5
5.48012e-29
16
7.10931e-29
16.5
9.21772e-29
17
1.19448e-28
17.5
1.547e-28
18
2.00246e-28
18.5
2.59056e-28
19
3.34953e-28
19.5
4.32845e-28
20
5.59035e-28
20.5
7.21614e-28
21
9.30957e-28
21.5
1.20036e-27
22
1.54687e-27
22.5
1.9923e-27
23
2.56457e-27
23.5
3.29938e-27
24
4.24238e-27
24.5
5.45186e-27
25
7.00228e-27
25.5
8.9886e-27
26
1.1532e-26
26.5
1.47868e-26
27
1.89498e-26
27.5
2.42712e-26
28
3.10698e-26
28.5
3.97506e-26
29
5.08285e-26
29.5
6.49576e-26
30
8.29682e-26
30.5
1.05914e-25
31
1.3513e-25
31.5
1.72309e-25
32
2.19596e-25
32.5
2.79705e-25
33
3.56069e-25
33.5
4.5303e-25
34
5.76073e-25
34.5
7.32129e-25
35
9.29944e-25
35.5
1.18055e-24
36
1.49786e-24
36.5
1.8994e-24
37
2.40724e-24
37.5
3.04917e-24
38
3.86013e-24
38.5
4.88407e-24
39
6.17619e-24
39.5
7.80581e-24
40
9.85994e-24
40.5
1.24477e-23
41
1.57059e-23
41.5
1.98059e-23
42
2.49624e-23
42.5
3.14438e-23
43
3.95862e-23
43.5
4.98093e-23
44
6.26378e-23
44.5
7.87265e-23
45
9.88927e-23
45.5
1.24156e-22
46
1.55785e-22
46.5
1.95365e-22
47
2.44864e-22
47.5
3.06734e-22
48
3.84023e-22
48.5
4.8052e-22
49
6.00931e-22
49.5
7.51097e-22
50
9.38268e-22
50.5
1.17143e-21
51
1.46172e-21
51.5
1.82293e-21
52
2.27215e-21
52.5
2.83048e-21
53
3.52406e-21
53.5
4.38515e-21
54
5.45362e-21
54.5
6.77867e-21
55
8.42097e-21
55.5
1.04553e-20
56
1.2974e-20
56.5
1.60904e-20
57
1.99444e-20
57.5
2.47077e-20
58
3.05916e-20
58.5
3.78556e-20
59
4.68186e-20
59.5
5.78715e-20
60
7.1494e-20
60.5
8.82741e-20
61
1.08932e-19
61.5
1.3435e-19
62
1.65606e-19
62.5
2.04021e-19
63
2.51208e-19
63.5
3.09136e-19
64
3.8021e-19
64.5
4.67366e-19
65
5.74182e-19
65.5
7.05019e-19
66
8.65188e-19
66.5
1.06116e-18
67
1.30079e-18
67.5
1.59365e-18
68
1.95136e-18
68.5
2.38803e-18
69
2.9208e-18
69.5
3.57045e-18
70
4.36217e-18
70.5
5.32649e-18
71
6.50036e-18
71.5
7.92854e-18
72
9.66513e-18
72.5
1.17755e-17
73
1.43388e-17
73.5
1.74503e-17
74
2.12253e-17
74.5
2.58024e-17
75
3.13493e-17
75.5
3.80674e-17
76
4.61995e-17
76.5
5.60377e-17
77
6.79332e-17
77.5
8.23081e-17
78
9.96694e-17
78.5
1.20626e-16
79
1.45907e-16
79.5
1.76389e-16
80
2.13121e-16
80.5
2.57358e-16
81
3.10606e-16
81.5
3.74662e-16
82
4.51678e-16
82.5
5.44223e-16
83
6.55365e-16
83.5
7.88766e-16
84
9.48794e-16
84.5
1.14066e-15
85
1.37055e-15
85.5
1.64587e-15
86
1.9754e-15
86.5
2.36958e-15
87
2.84085e-15
87.5
3.40395e-15
88
4.0764e-15
88.5
4.87898e-15
89
5.83633e-15
89.5
6.97766e-15
90
8.33755e-15
90.5
9.95694e-15
91
1.18843e-14
91.5
1.41767e-14
92
1.69021e-14
92.5
2.01401e-14
93
2.39852e-14
93.5
2.85485e-14
94
3.3961e-14
94.5
4.03774e-14
95
4.79793e-14
95.5
5.69808e-14
96
6.76335e-14
96.5
8.02331e-14
97
9.51271e-14
97.5
1.12723e-13
98
1.335e-13
98.5
1.58019e-13
99
1.86937e-13
99.5
2.21024e-13
100
2.61181e-13
100.5
3.08463e-13
101
3.64103e-13
101.5
4.2954e-13
102
5.06455e-13
102.5
5.96812e-13
103
7.029e-13
103.5
8.27385e-13
104
9.73375e-13
104.5
1.14449e-12
105
1.34494e-12
105.5
1.57961e-12
106
1.85421e-12
106.5
2.17533e-12
107
2.55065e-12
107.5
2.98906e-12
108
3.50088e-12
108.5
4.09806e-12
109
4.79445e-12
109.5
5.60606e-12
110
6.55141e-12
110.5
7.65194e-12
111
8.93236e-12
111.5
1.04213e-11
112
1.21516e-11
112.5
1.41613e-11
113
1.64943e-11
113.5
1.92009e-11
114
2.23393e-11
114.5
2.59762e-11
115
3.01884e-11
115.5
3.50642e-11
116
4.07049e-11
116.5
4.72267e-11
117
5.4763e-11
117.5
6.34666e-11
118
7.35127e-11
118.5
8.51018e-11
119
9.8463e-11
119.5
1.13859e-10
120
1.31589e-10
120.5
1.51995e-10
121
1.75468e-10
121.5
2.02454e-10
122
2.33461e-10
122.5
2.69067e-10
123
3.0993e-10
123.5
3.56802e-10
124
4.10534e-10
124.5
4.72095e-10
125
5.42587e-10
125.5
6.23257e-10
126
7.15523e-10
126.5
8.20993e-10
127
9.41485e-10
127.5
1.07906e-09
128
1.23606e-09
128.5
1.4151e-09
129
1.61919e-09
129.5
1.85168e-09
130
2.11637e-09
130.5
2.41756e-09
131
2.76008e-09
131.5
3.14937e-09
132
3.59158e-09
132.5
4.0936e-09
133
4.66321e-09
133.5
5.30912e-09
134
6.04114e-09
134.5
6.87027e-09
135
7.80886e-09
135.5
8.87075e-09
136
1.00714e-08
136.5
1.14283e-08
137
1.29608e-08
137.5
1.46905e-08
138
1.66419e-08
138.5
1.88421e-08
139
2.13212e-08
139.5
2.41132e-08
140
2.72556e-08
140.5
3.07904e-08
141
3.47643e-08
141.5
3.92294e-08
142
4.42433e-08
142.5
4.98703e-08
143
5.61818e-08
143.5
6.32569e-08
144
7.11834e-08
144.5
8.00586e-08
145
8.99904e-08
145.5
1.01098e-07
146
1.13514e-07
146.5
1.27384e-07
147
1.42869e-07
147.5
1.60147e-07
148
1.79415e-07
148.5
2.0089e-07
149
2.24811e-07
149.5
2.5144e-07
150
2.81067e-07
150.5
3.1401e-07
151
3.5062e-07
151.5
3.91281e-07
152
4.36414e-07
152.5
4.86484e-07
153
5.41996e-07
153.5
6.03508e-07
154
6.71627e-07
154.5
7.4702e-07
155
8.30415e-07
155.5
9.22607e-07
156
1.02446e-06
156.5
1.13694e-06
157
1.26105e-06
157.5
1.39795e-06
158
1.54884e-06
158.5
1.71506e-06
159
1.89807e-06
159.5
2.09944e-06
160
2.32088e-06
160.5
2.56426e-06
161
2.83159e-06
161.5
3.12504e-06
162
3.447e-06
162.5
3.80001e-06
163
4.18685e-06
163.5
4.6105e-06
164
5.07421e-06
164.5
5.58145e-06
165
6.13598e-06
165.5
6.74187e-06
166
7.40347e-06
166.5
8.12547e-06
167
8.91294e-06
167.5
9.77129e-06
168
1.07064e-05
168.5
1.17244e-05
169
1.28321e-05
169.5
1.40366e-05
170
1.53457e-05
170.5
1.67676e-05
171
1.8311e-05
171.5
1.99854e-05
172
2.18008e-05
172.5
2.37679e-05
173
2.58981e-05
173.5
2.82036e-05
174
3.06972e-05
174.5
3.33927e-05
175
3.63047e-05
175.5
3.94488e-05
176
4.28414e-05
176.5
4.64998e-05
177
5.04427e-05
177.5
5.46894e-05
178
5.92608e-05
178.5
6.41786e-05
179
6.9466e-05
179.5
7.51472e-05
180
8.12478e-05
180.5
8.77949e-05
181
9.4817e-05
181.5
0.000102344
182
0.000110407
182.5
0.000119039
183
0.000128274
183.5
0.00013815
184
0.000148703
184.5
0.000159973
185
0.000172002
185.5
0.000184832
186
0.00019851
186.5
0.000213081
187
0.000228594
187.5
0.000245101
188
0.000262654
188.5
0.000281307
189
0.000301118
189.5
0.000322146
190
0.00034445
190.5
0.000368094
191
0.000393142
191.5
0.000419661
192
0.000447721
192.5
0.000477392
193
0.000508746
193.5
0.000541858
194
0.000576805
194.5
0.000613664
195
0.000652517
195.5
0.000693444
196
0.000736529
196.5
0.000781856
197
0.000829512
197.5
0.000879583
198
0.000932159
198.5
0.000987329
199
0.00104518
199.5
0.00110581
200
0.00116931
200.5
0.00123577
201
0.00130528
201.5
0.00137793
202
0.00145382
202.5
0.00153303
203
0.00161567
203.5
0.00170181
204
0.00179155
204.5
0.00188498
205
0.00198217
205.5
0.00208322
206
0.00218821
206.5
0.0022972
207
0.00241029
207.5
0.00252755
208
0.00264903
208.5
0.00277481
209
0.00290495
209.5
0.0030395
210
0.00317852
210.5
0.00332205
211
0.00347013
211.5
0.0036228
212
0.00378009
212.5
0.00394202
213
0.0041086
213.5
0.00427984
214
0.00445574
214.5
0.00463629
215
0.00482148
215.5
0.00501129
216
0.00520567
216.5
0.00540459
217
0.00560799
217.5
0.00581582
218
0.006028
218.5
0.00624445
219
0.00646508
219.5
0.00668979
220
0.00691846
220.5
0.00715097
221
0.0073872
221.5
0.00762699
222
0.00787019
222.5
0.00811663
223
0.00836614
223.5
0.00861854
224
0.00887361
224.5
0.00913116
225
0.00939097
225.5
0.0096528
226
0.00991643
226.5
0.0101816
227
0.010448
227.5
0.0107155
228
0.0109837
228.5
0.0112524
229
0.0115212
229.5
0.01179
230
0.0120582
230.5
0.0123258
231
0.0125923
231.5
0.0128573
232
0.0131207
232.5
0.0133821
233
0.013641
233.5
0.0138973
234
0.0141505
234.5
0.0144003
235
0.0146464
235.5
0.0148884
236
0.015126
236.5
0.0153589
237
0.0155867
237.5
0.015809
238
0.0160257
238.5
0.0162363
239
0.0164405
239.5
0.0166381
240
0.0168286
240.5
0.0170119
241
0.0171877
241.5
0.0173556
242
0.0175154
242.5
0.0176669
243
0.0178098
243.5
0.0179439
244
0.0180689
244.5
0.0181847
245
0.0182911
245.5
0.0183879
246
0.0184749
246.5
0.0185521
247
0.0186192
247.5
0.0186762
248
0.0187229
248.5
0.0187594
249
0.0187854
249.5
0.0188011
250
0.0188063
250.5
0.0188011
251
0.0187854
251.5
0.0187594
252
0.0187229
252.5
0.0186762
253
0.0186192
253.5
0.0185521
254
0.0184749
254.5
0.0183879
255
0.0182911
255.5
0.0181847
256
0.0180689
256.5
0.0179439
257
0.0178098
257.5
0.0176669
258
0.0175154
258.5
0.0173556
259
0.0171877
259.5
0.0170119
260
0.0168286
260.5
0.0166381
261
0.0164405
261.5
0.0162363
262
0.0160257
262.5
0.015809
263
0.0155867
263.5
0.0153589
264
0.015126
264.5
0.0148884
265
0.0146464
265.5
0.0144003
266
0.0141505
266.5
0.0138973
267
0.013641
267.5
0.0133821
268
0.0131207
268.5
0.0128573
269
0.0125923
269.5
0.0123258
270
0.0120582
270.5
0.01179
271
0.0115212
271.5
0.0112524
272
0.0109837
272.5
0.0107155
273
0.010448
273.5
0.0101816
274
0.00991643
274.5
0.0096528
275
0.00939097
275.5
0.00913116
276
0.00887361
276.5
0.00861854
277
0.00836614
277.5
0.00811663
278
0.00787019
278.5
0.00762699
279
0.0073872
279.5
0.00715097
280
0.00691846
280.5
0.00668979
281
0.00646508
281.5
0.00624445
282
0.006028
282.5
0.00581582
283
0.00560799
283.5
0.00540459
284
0.00520567
284.5
0.00501129
285
0.00482148
285.5
0.00463629
286
0.00445574
286.5
0.00427984
287
0.0041086
287.5
0.00394202
288
0.00378009
288.5
0.0036228
289
0.00347013
289.5
0.00332205
290
0.00317852
290.5
0.0030395
291
0.00290495
291.5
0.00277481
292
0.00264903
292.5
0.00252755
293
0.00241029
293.5
0.0022972
294
0.00218821
294.5
0.00208322
295
0.00198217
295.5
0.00188498
296
0.00179155
296.5
0.00170181
297
0.00161567
297.5
0.00153303
298
0.00145382
298.5
0.00137793
299
0.00130528
299.5
0.00123577
300
0.00116931
300.5
0.00110581
301
0.00104518
301.5
0.000987329
302
0.000932159
302.5
0.000879583
303
0.000829512
303.5
0.000781856
304
0.000736529
304.5
0.000693444
305
0.000652517
305.5
0.000613664
306
0.000576805
306.5
0.000541858
307
0.000508746
307.5
0.000477392
308
0.000447721
308.5
0.000419661
309
0.000393142
309.5
0.000368094
310
0.00034445
310.5
0.000322146
311
0.000301118
311.5
0.000281307
312
0.000262654
312.5
0.000245101
313
0.000228594
313.5
0.000213081
314
0.00019851
314.5
0.000184832
315
0.000172002
315.5
0.000159973
316
0.000148703
316.5
0.00013815
317
0.000128274
317.5
0.000119039
318
0.000110407
318.5
0.000102344
319
9.4817e-05
319.5
8.77949e-05
320
8.12478e-05
320.5
7.51472e-05
321
6.9466e-05
321.5
6.41786e-05
322
5.92608e-05
322.5
5.46894e-05
323
5.04427e-05
323.5
4.64998e-05
324
4.28414e-05
324.5
3.94488e-05
325
3.63047e-05
325.5
3.33927e-05
326
3.06972e-05
326.5
2.82036e-05
327
2.58981e-05
327.5
2.37679e-05
328
2.18008e-05
328.5
1.99854e-05
329
1.8311e-05
329.5
1.67676e-05
330
1.53457e-05
330.5
1.40366e-05
331
1.28321e-05
331.5
1.17244e-05
332
1.07064e-05
332.5
9.77129e-06
333
8.91294e-06
333.5
8.12547e-06
334
7.40347e-06
334.5
6.74187e-06
335
6.13598e-06
335.5
5.58145e-06
336
5.07421e-06
336.5
4.6105e-06
337
4.18685e-06
337.5
3.80001e-06
338
3.447e-06
338.5
3.12504e-06
339
2.83159e-06
339.5
2.56426e-06
340
2.32088e-06
340.5
2.09944e-06
341
1.89807e-06
341.5
1.71506e-06
342
1.54884e-06
342.5
1.39795e-06
343
1.26105e-06
343.5
1.13694e-06
344
1.02446e-06
344.5
9.22607e-07
345
8.30415e-07
345.5
7.4702e-07
346
6.71627e-07
346.5
6.03508e-07
347
5.41996e-07
347.5
4.86484e-07
348
4.36414e-07
348.5
3.91281e-07
349
3.5062e-07
349.5
3.1401e-07
350
2.81067e-07
350.5
2.5144e-07
351
2.24811e-07
351.5
2.0089e-07
352
1.79415e-07
352.5
1.60147e-07
353
1.42869e-07
353.5
1.27384e-07
354
1.13514e-07
354.5
1.01098e-07
355
8.99904e-08
355.5
8.00586e-08
356
7.11834e-08
356.5
6.32569e-08
357
5.61818e-08
357.5
4.98703e-08
358
4.42433e-08
358.5
3.92294e-08
359
3.47643e-08
359.5
3.07904e-08
360
2.72556e-08
360.5
2.41132e-08
361
2.13212e-08
361.5
1.88421e-08
362
1.66419e-08
362.5
1.46905e-08
363
1.29608e-08
363.5
1.14283e-08
364
1.00714e-08
364.5
8.87075e-09
365
7.80886e-09
365.5
6.87027e-09
366
6.04114e-09
366.5
5.30912e-09
367
4.66321e-09
367.5
4.0936e-09
368
3.59158e-09
368.5
3.14937e-09
369
2.76008e-09
369.5
2.41756e-09
370
2.11637e-09
370.5
1.85168e-09
371
1.61919e-09
371.5
1.4151e-09
372
1.23606e-09
372.5
1.07906e-09
373
9.41485e-10
373.5
8.20993e-10
374
7.15523e-10
374.5
6.23257e-10
375
5.42587e-10
375.5
4.72095e-10
376
4.10534e-10
376.5
3.56802e-10
377
3.0993e-10
377.5
2.69067e-10
378
2.33461e-10
378.5
2.02454e-10
379
1.75468e-10
379.5
1.51995e-10
380
1.31589e-10
380.5
1.13859e-10
381
9.8463e-11
381.5
8.51018e-11
382
7.35127e-11
382.5
6.34666e-11
383
5.4763e-11
383.5
4.72267e-11
384
4.07049e-11
384.5
3.50642e-11
385
3.01884e-11
385.5
2.59762e-11
386
2.23393e-11
386.5
1.92009e-11
387
1.64943e-11
387.5
1.41613e-11
388
1.21516e-11
388.5
1.04213e-11
389
8.93236e-12
389.5
7.65194e-12
390
6.55141e-12
390.5
5.60606e-12
391
4.79445e-12
391.5
4.09806e-12
392
3.50088e-12
392.5
2.98906e-12
393
2.55065e-12
393.5
2.17533e-12
394
1.85421e-12
394.5
1.57961e-12
395
1.34494e-12
395.5
1.14449e-12
396
9.73375e-13
396.5
8.27385e-13
397
7.029e-13
397.5
5.96812e-13
398
5.06455e-13
398.5
4.2954e-13
399
3.64103e-13
399.5
3.08463e-13
400
2.61181e-13
400.5
2.21024e-13
401
1.86937e-13
401.5
1.58019e-13
402
1.335e-13
402.5
1.12723e-13
403
9.51271e-14
403.5
8.02331e-14
404
6.76335e-14
404.5
5.69808e-14
405
4.79793e-14
405.5
4.03774e-14
406
3.3961e-14
406.5
2.85485e-14
407
2.39852e-14
407.5
2.01401e-14
408
1.69021e-14
408.5
1.41767e-14
409
1.18843e-14
409.5
9.95694e-15
410
8.33755e-15
410.5
6.97766e-15
411
5.83633e-15
411.5
4.87898e-15
412
4.0764e-15
412.5
3.40395e-15
413
2.84085e-15
413.5
2.36958e-15
414
1.9754e-15
414.5
1.64587e-15
415
1.37055e-15
415.5
1.14066e-15
416
9.48794e-16
416.5
7.88766e-16
417
6.55365e-16
417.5
5.44223e-16
418
4.51678e-16
418.5
3.74662e-16
419
3.10606e-16
419.5
2.57358e-16
420
2.13121e-16
420.5
1.76389e-16
421
1.45907e-16
421.5
1.20626e-16
422
9.96694e-17
422.5
8.23081e-17
423
6.79332e-17
423.5
5.60377e-17
424
4.61995e-17
424.5
3.80674e-17
425
3.13493e-17
425.5
2.58024e-17
426
2.12253e-17
426.5
1.74503e-17
427
1.43388e-17
427.5
1.17755e-17
428
9.66513e-18
428.5
7.92854e-18
429
6.50036e-18
429.5
5.32649e-18
430
4.36217e-18
430.5
3.57045e-18
431
2.9208e-18
431.5
2.38803e-18
432
1.95136e-18
432.5
1.59365e-18
433
1.30079e-18
433.5
1.06116e-18
434
8.65188e-19
434.5
7.05019e-19
435
5.74182e-19
435.5
4.67366e-19
436
3.8021e-19
436.5
3.09136e-19
437
2.51208e-19
437.5
2.04021e-19
438
1.65606e-19
438.5
1.3435e-19
439
1.08932e-19
439.5
8.82741e-20
440
7.1494e-20
440.5
5.78715e-20
441
4.68186e-20
441.5
3.78556e-20
442
3.05916e-20
442.5
2.47077e-20
443
1.99444e-20
443.5
1.60904e-20
444
1.2974e-20
444.5
1.04553e-20
445
8.42097e-21
445.5
6.77867e-21
446
5.45362e-21
446.5
4.38515e-21
447
3.52406e-21
447.5
2.83048e-21
448
2.27215e-21
448.5
1.82293e-21
449
1.46172e-21
449.5
1.17143e-21
450
9.38268e-22
450.5
7.51097e-22
451
6.00931e-22
451.5
4.8052e-22
452
3.84023e-22
452.5
3.06734e-22
453
2.44864e-22
453.5
1.95365e-22
454
1.55785e-22
454.5
1.24156e-22
455
9.88927e-23
455.5
7.87265e-23
456
6.26378e-23
456.5
4.98093e-23
457
3.95862e-23
457.5
3.14438e-23
458
2.49624e-23
458.5
1.98059e-23
459
1.57059e-23
459.5
1.24477e-23
460
9.85994e-24
460.5
7.80581e-24
461
6.17619e-24
461.5
4.88407e-24
462
3.86013e-24
462.5
3.04917e-24
463
2.40724e-24
463.5
1.8994e-24
464
1.49786e-24
464.5
1.18055e-24
465
9.29944e-25
465.5
7.32129e-25
466
5.76073e-25
466.5
4.5303e-25
467
3.56069e-25
467.5
2.79705e-25
468
2.19596e-25
468.5
1.72309e-25
469
1.3513e-25
469.5
1.05914e-25
470
8.29682e-26
470.5
6.49576e-26
471
5.08285e-26
471.5
3.97506e-26
472
3.10698e-26
472.5
2.42712e-26
473
1.89498e-26
473.5
1.47868e-26
474
1.1532e-26
474.5
8.9886e-27
475
7.00228e-27
475.5
5.45186e-27
476
4.24238e-27
476.5
3.29938e-27
477
2.56457e-27
477.5
1.9923e-27
478
1.54687e-27
478.5
1.20036e-27
479
9.30957e-28
479.5
7.21614e-28
480
5.59035e-28
480.5
4.32845e-28
481
3.34953e-28
481.5
2.59056e-28
482
2.00246e-28
482.5
1.547e-28
483
1.19448e-28
483.5
9.21772e-29
484
7.10931e-29
484.5
5.48012e-29
485
4.22194e-29
485.5
3.25081e-29
486
2.50168e-29
486.5
1.92411e-29
487
1.47906e-29
487.5
1.13632e-29
488
8.72518e-30
488.5
6.69587e-30
489
5.13568e-30
489.5
3.93684e-30
490
3.01618e-30
490.5
2.30953e-30
491
1.76746e-30
491.5
1.35187e-30
492
1.03343e-30
492.5
7.89554e-31
493
6.02897e-31
493.5
4.60111e-31
494
3.50947e-31
494.5
2.67534e-31
495
2.03833e-31
495.5
1.55213e-31
496
1.18125e-31
496.5
8.98494e-32
497
6.8304e-32
497.5
5.18962e-32
498
3.9408e-32
498.5
2.99083e-32
499
2.26859e-32
499.5
1.71981e-32
